-2.900000e-01 -2.800000e-01 -2.700000e-01 -2.600000e-01 -2.500000e-01 -2.400000e-01 -2.300000e-01 -2.200000e-01 -2.100000e-01 -2.000000e-01 -1.900000e-01 -1.800000e-01 -1.700000e-01 -1.600000e-01 -1.500000e-01 -1.400000e-01 -1.300000e-01 -1.200000e-01 -1.100000e-01 -1.000000e-01 -9.000000e-02 -8.000000e-02 -7.000000e-02 -6.000000e-02 -5.000000e-02 -4.000000e-02 -3.000000e-02 -2.000000e-02 -1.000000e-02 0.000000e+00 1.000000e-02 2.000000e-02 3.000000e-02 4.000000e-02 5.000000e-02 6.000000e-02 7.000000e-02 8.000000e-02 9.000000e-02 1.000000e-01 1.100000e-01 1.200000e-01 1.300000e-01 1.400000e-01 1.500000e-01 1.600000e-01 
1.000000e-02 2.000000e-02 3.000000e-02 4.000000e-02 5.000000e-02 6.000000e-02 7.000000e-02 8.000000e-02 9.000000e-02 1.000000e-01 1.100000e-01 1.200000e-01 1.300000e-01 1.400000e-01 1.500000e-01 1.600000e-01 1.700000e-01 1.800000e-01 1.900000e-01 2.000000e-01 
1.118946e-01 1.386697e-01 1.637225e-01 1.871110e-01 2.088898e-01 2.291104e-01 2.512568e-01 2.776443e-01 3.010964e-01 3.217908e-01 3.398844e-01 3.555178e-01 3.688198e-01 3.799104e-01 3.889048e-01 3.959159e-01 4.010576e-01 4.044475e-01 4.062065e-01 4.064492e-01 4.052805e-01 4.027973e-01 3.990886e-01 3.942371e-01 3.883195e-01 3.814071e-01 3.735665e-01 3.648599e-01 3.553455e-01 3.450780e-01 3.341088e-01 3.224862e-01 3.113293e-01 3.007231e-01 2.893803e-01 2.773310e-01 2.646074e-01 2.512437e-01 2.372768e-01 2.227469e-01 2.076972e-01 1.921747e-01 1.762300e-01 1.599169e-01 1.432914e-01 1.264096e-01 
9.822835e-02 1.246200e-01 1.493459e-01 1.724559e-01 1.939978e-01 2.140175e-01 2.325587e-01 2.513601e-01 2.747063e-01 2.953167e-01 3.133439e-01 3.289252e-01 3.421863e-01 3.532451e-01 3.622148e-01 3.692064e-01 3.743323e-01 3.777088e-01 3.794559e-01 3.796879e-01 3.785097e-01 3.760177e-01 3.723011e-01 3.674423e-01 3.615179e-01 3.545992e-01 3.467527e-01 3.380405e-01 3.309921e-01 3.237193e-01 3.156068e-01 3.066785e-01 2.969593e-01 2.864753e-01 2.752537e-01 2.633235e-01 2.507153e-01 2.374622e-01 2.235995e-01 2.091656e-01 1.942022e-01 1.787545e-01 1.628715e-01 1.466058e-01 1.300129e-01 1.131493e-01 
8.501742e-02 1.110057e-01 1.353865e-01 1.582011e-01 1.794907e-01 1.992957e-01 2.176550e-01 2.346059e-01 2.501839e-01 2.693164e-01 2.872546e-01 3.027641e-01 3.159673e-01 3.269796e-01 3.359114e-01 3.428721e-01 3.479721e-01 3.513262e-01 3.530535e-01 3.532678e-01 3.520736e-01 3.495672e-01 3.458373e-01 3.409663e-01 3.361941e-01 3.326031e-01 3.280881e-01 3.226703e-01 3.163712e-01 3.092130e-01 3.012180e-01 2.924096e-01 2.828117e-01 2.724494e-01 2.613489e-01 2.495380e-01 2.370462e-01 2.239051e-01 2.101485e-01 1.958132e-01 1.809392e-01 1.655700e-01 1.497528e-01 1.335389e-01 1.169826e-01 1.001407e-01 
7.224211e-02 9.780959e-02 1.218290e-01 1.443332e-01 1.653567e-01 1.849340e-01 2.030996e-01 2.198869e-01 2.353282e-01 2.494545e-01 2.622957e-01 2.770260e-01 2.901547e-01 3.011055e-01 3.099867e-01 3.169051e-01 3.219692e-01 3.252921e-01 3.269917e-01 3.271812e-01 3.259647e-01 3.261794e-01 3.255567e-01 3.239549e-01 3.213943e-01 3.178952e-01 3.134782e-01 3.081640e-01 3.019733e-01 2.949276e-01 2.870485e-01 2.783586e-01 2.688809e-01 2.586396e-01 2.476600e-01 2.359687e-01 2.235940e-01 2.105660e-01 1.969174e-01 1.826831e-01 1.679016e-01 1.526144e-01 1.368672e-01 1.207093e-01 1.041941e-01 8.737782e-02 
5.988263e-02 8.501453e-02 1.086584e-01 1.308388e-01 1.515835e-01 1.709215e-01 1.888825e-01 2.054960e-01 2.207911e-01 2.347961e-01 2.475384e-01 2.590446e-01 2.693404e-01 2.784506e-01 2.863991e-01 2.932092e-01 2.989034e-01 3.035036e-01 3.070312e-01 3.095072e-01 3.109521e-01 3.113862e-01 3.108295e-01 3.093018e-01 3.068230e-01 3.034128e-01 2.990910e-01 2.938777e-01 2.877931e-01 2.808578e-01 2.730929e-01 2.645200e-01 2.551614e-01 2.450404e-01 2.341813e-01 2.226097e-01 2.103526e-01 1.974389e-01 1.838999e-01 1.697689e-01 1.550827e-01 1.398811e-01 1.242077e-01 1.081104e-01 9.164097e-02 7.485461e-02 
4.791925e-02 7.260330e-02 9.585946e-02 1.177044e-01 1.381591e-01 1.572471e-01 1.749935e-01 1.914239e-01 2.065640e-01 2.204394e-01 2.330751e-01 2.444957e-01 2.547249e-01 2.637862e-01 2.717020e-01 2.784944e-01 2.841849e-01 2.887943e-01 2.923433e-01 2.948520e-01 2.963401e-01 2.968272e-01 2.963326e-01 2.948756e-01 2.924753e-01 2.891508e-01 2.849214e-01 2.798064e-01 2.738255e-01 2.669986e-01 2.593460e-01 2.508886e-01 2.416479e-01 2.316464e-01 2.209073e-01 2.094553e-01 1.973163e-01 1.845179e-01 1.710899e-01 1.570644e-01 1.424762e-01 1.273634e-01 1.117680e-01 9.573569e-02 7.931665e-02 6.256494e-02 
3.633239e-02 6.055880e-02 8.341718e-02 1.049165e-01 1.250714e-01 1.439000e-01 1.614227e-01 1.776614e-01 1.926384e-01 2.063765e-01 2.188983e-01 2.302264e-01 2.403827e-01 2.493889e-01 2.572663e-01 2.640356e-01 2.697171e-01 2.743310e-01 2.778968e-01 2.804337e-01 2.819608e-01 2.824970e-01 2.820609e-01 2.806711e-01 2.783460e-01 2.751043e-01 2.709644e-01 2.659453e-01 2.600657e-01 2.533450e-01 2.458028e-01 2.374594e-01 2.283354e-01 2.184524e-01 2.078328e-01 1.965003e-01 1.844797e-01 1.717974e-01 1.584818e-01 1.445635e-01 1.300759e-01 1.150552e-01 9.954145e-02 8.357854e-02 6.721474e-02 5.050261e-02 
2.510283e-02 4.886417e-02 7.131662e-02 9.246196e-02 1.123086e-01 1.308693e-01 1.481603e-01 1.641994e-01 1.790058e-01 1.925995e-01 2.050007e-01 2.162298e-01 2.263070e-01 2.352524e-01 2.430858e-01 2.498268e-01 2.554946e-01 2.601082e-01 2.636862e-01 2.662472e-01 2.678093e-01 2.683908e-01 2.680096e-01 2.666835e-01 2.644305e-01 2.612685e-01 2.572154e-01 2.522894e-01 2.465088e-01 2.398922e-01 2.324586e-01 2.242275e-01 2.152188e-01 2.054534e-01 1.949527e-01 1.837394e-01 1.718373e-01 1.592717e-01 1.460697e-01 1.322606e-01 1.178758e-01 1.029502e-01 8.752185e-02 7.163262e-02 5.532888e-02 3.866142e-02 
1.421176e-02 3.750282e-02 5.954308e-02 8.032751e-02 9.985864e-02 1.181444e-01 1.351964e-01 1.510289e-01 1.656579e-01 1.791007e-01 1.913750e-01 2.024991e-01 2.124915e-01 2.213706e-01 2.291548e-01 2.358625e-01 2.415117e-01 2.461204e-01 2.497064e-01 2.522873e-01 2.538806e-01 2.545036e-01 2.541737e-01 2.529081e-01 2.507240e-01 2.476387e-01 2.436696e-01 2.388342e-01 2.331502e-01 2.266356e-01 2.193087e-01 2.111882e-01 2.022936e-01 1.926446e-01 1.822621e-01 1.711676e-01 1.593842e-01 1.469358e-01 1.338484e-01 1.201499e-01 1.058703e-01 9.104260e-02 7.570308e-02 5.989171e-02 4.365279e-02 2.703518e-02 
3.640874e-03 2.645857e-02 4.808213e-02 6.850026e-02 8.771002e-02 1.057145e-01 1.225213e-01 1.381410e-01 1.525865e-01 1.658723e-01 1.780139e-01 1.890274e-01 1.989296e-01 2.077372e-01 2.154673e-01 2.221369e-01 2.277630e-01 2.323625e-01 2.359523e-01 2.385492e-01 2.401698e-01 2.408308e-01 2.405488e-01 2.393403e-01 2.372220e-01 2.342105e-01 2.303226e-01 2.255753e-01 2.199855e-01 2.135707e-01 2.063485e-01 1.983371e-01 1.895550e-01 1.800214e-01 1.697562e-01 1.587802e-01 1.471152e-01 1.347845e-01 1.218126e-01 1.082261e-01 9.405362e-02 7.932651e-02 6.407919e-02 4.834971e-02 3.218028e-02 1.561773e-02 
-6.627496e-03 1.571566e-02 3.691969e-02 5.696756e-02 7.585126e-02 9.356939e-02 1.101255e-01 1.255269e-01 1.397834e-01 1.529068e-01 1.649103e-01 1.758081e-01 1.856150e-01 1.943463e-01 2.020175e-01 2.086446e-01 2.142432e-01 2.188294e-01 2.224190e-01 2.250280e-01 2.266722e-01 2.273676e-01 2.271301e-01 2.259756e-01 2.239200e-01 2.209795e-01 2.171701e-01 2.125083e-01 2.070104e-01 2.006932e-01 1.935739e-01 1.856697e-01 1.769987e-01 1.675793e-01 1.574305e-01 1.465724e-01 1.350258e-01 1.228130e-01 1.099573e-01 9.648404e-02 8.242050e-02 6.779640e-02 5.264442e-02 3.700067e-02 2.090528e-02 4.402947e-03 
-1.661036e-02 5.258861e-03 2.604205e-02 4.571704e-02 6.427112e-02 8.169874e-02 9.799974e-02 1.131780e-01 1.272406e-01 1.401968e-01 1.520573e-01 1.628346e-01 1.725415e-01 1.811919e-01 1.887999e-01 1.953801e-01 2.009471e-01 2.055160e-01 2.091015e-01 2.117189e-01 2.133832e-01 2.141096e-01 2.139133e-01 2.128096e-01 2.108138e-01 2.079414e-01 2.042079e-01 1.996290e-01 1.942207e-01 1.879990e-01 1.809805e-01 1.731819e-01 1.646205e-01 1.553139e-01 1.452807e-01 1.345398e-01 1.231114e-01 1.110165e-01 9.827757e-02 8.491867e-02 7.096571e-02 5.644690e-02 4.139319e-02 2.583882e-02 9.821854e-03 -6.615193e-03 
-2.632398e-02 -4.926522e-03 1.543594e-02 3.473667e-02 5.295868e-02 7.009257e-02 8.613469e-02 1.010859e-01 1.149503e-01 1.277348e-01 1.394481e-01 1.501004e-01 1.597031e-01 1.682683e-01 1.758089e-01 1.823382e-01 1.878697e-01 1.924173e-01 1.959951e-01 1.986174e-01 2.002983e-01 2.010524e-01 2.008941e-01 1.998382e-01 1.978992e-01 1.950921e-01 1.914318e-01 1.869334e-01 1.816123e-01 1.754840e-01 1.685643e-01 1.608695e-01 1.524162e-01 1.432212e-01 1.333024e-01 1.226781e-01 1.113674e-01 9.939049e-02 8.676880e-02 7.352518e-02 5.968426e-02 4.527278e-02 3.032008e-02 1.485853e-02 -1.075811e-03 -1.744263e-02 
-3.578389e-02 -1.485459e-02 5.088552e-03 2.401476e-02 4.190327e-02 5.874111e-02 7.452142e-02 8.924211e-02 1.029047e-01 1.155138e-01 1.270758e-01 1.375992e-01 1.470937e-01 1.555698e-01 1.630391e-01 1.695136e-01 1.750059e-01 1.795287e-01 1.830952e-01 1.857188e-01 1.874130e-01 1.881916e-01 1.880683e-01 1.870571e-01 1.851721e-01 1.824276e-01 1.788378e-01 1.744175e-01 1.691813e-01 1.631442e-01 1.563215e-01 1.487287e-01 1.403818e-01 1.312971e-01 1.214917e-01 1.109831e-01 9.978966e-02 8.793065e-02 7.542648e-02 6.229891e-02 4.857131e-02 3.426904e-02 1.941986e-02 4.054368e-03 -1.179336e-02 -2.808519e-02 
-4.500481e-02 -2.453882e-02 -5.012456e-03 1.354004e-02 3.109453e-02 4.763484e-02 6.315115e-02 7.763863e-02 9.109637e-02 1.035266e-01 1.149339e-01 1.253248e-01 1.347073e-01 1.430908e-01 1.504851e-01 1.569013e-01 1.623508e-01 1.668453e-01 1.703971e-01 1.730189e-01 1.747232e-01 1.755231e-01 1.754317e-01 1.744624e-01 1.726285e-01 1.699439e-01 1.664222e-01 1.620775e-01 1.569239e-01 1.509759e-01 1.442481e-01 1.367555e-01 1.285135e-01 1.195377e-01 1.098446e-01 9.945084e-02 8.837409e-02 7.663276e-02 6.424628e-02 5.123537e-02 3.762221e-02 2.343084e-02 8.687484e-03 -6.578944e-03 -2.233630e-02 -3.854858e-02 
-5.400066e-02 -3.399206e-02 -1.487891e-02 3.301632e-03 2.052246e-02 3.676454e-02 5.201533e-02 6.626749e-02 7.951780e-02 9.176634e-02 1.030158e-01 1.132710e-01 1.225384e-01 1.308257e-01 1.381418e-01 1.444963e-01 1.498996e-01 1.543626e-01 1.578965e-01 1.605132e-01 1.622245e-01 1.630427e-01 1.629803e-01 1.620501e-01 1.602647e-01 1.576373e-01 1.541812e-01 1.499097e-01 1.448364e-01 1.389753e-01 1.323405e-01 1.249463e-01 1.168075e-01 1.079393e-01 9.835719e-02 8.807740e-02 7.711672e-02 6.549274e-02 5.322403e-02 4.033025e-02 2.683250e-02 1.275351e-02 -1.881921e-03 -1.704650e-02 -3.270995e-02 -4.883833e-02 
-6.278456e-02 -4.322654e-02 -2.452213e-02 -6.710942e-03 1.017736e-02 2.612122e-02 4.110564e-02 5.512096e-02 6.816182e-02 8.022630e-02 9.131529e-02 1.014319e-01 1.105811e-01 1.187692e-01 1.260039e-01 1.322936e-01 1.376477e-01 1.420760e-01 1.455890e-01 1.481975e-01 1.499129e-01 1.507466e-01 1.507104e-01 1.498164e-01 1.480768e-01 1.455041e-01 1.421110e-01 1.379104e-01 1.329153e-01 1.271390e-01 1.205951e-01 1.132975e-01 1.052604e-01 9.649816e-02 8.702590e-02 7.685906e-02 6.601373e-02 5.450671e-02 4.235569e-02 2.957940e-02 1.619784e-02 2.232542e-03 -1.229306e-02 -2.735324e-02 -4.291948e-02 -5.895987e-02 
-7.136887e-02 -5.225381e-02 -3.395290e-02 -1.650772e-02 4.991501e-05 1.569622e-02 3.041401e-02 4.419152e-02 5.702139e-02 6.889986e-02 7.982610e-02 8.980165e-02 9.882998e-02 1.069162e-01 1.140665e-01 1.202885e-01 1.255904e-01 1.299811e-01 1.334702e-01 1.360678e-01 1.377843e-01 1.386307e-01 1.386179e-01 1.377575e-01 1.360612e-01 1.335407e-01 1.302082e-01 1.260761e-01 1.211569e-01 1.154634e-01 1.090085e-01 1.018057e-01 9.386848e-02 8.521085e-02 7.584714e-02 6.579221e-02 5.506144e-02 4.367088e-02 3.163740e-02 1.897881e-02 5.714083e-03 -8.136378e-03 -2.255045e-02 -3.750389e-02 -5.296988e-02 -6.563245e-02 
-7.976512e-02 -6.108481e-02 -4.318150e-02 -2.609831e-02 -9.868857e-03 5.481157e-03 1.993261e-02 3.347184e-02 4.608967e-02 5.778060e-02 6.854219e-02 7.837449e-02 8.727959e-02 9.526130e-02 1.023248e-01 1.084763e-01 1.137232e-01 1.180736e-01 1.215361e-01 1.241199e-01 1.258349e-01 1.266912e-01 1.266993e-01 1.258700e-01 1.242143e-01 1.217435e-01 1.184693e-01 1.144035e-01 1.095580e-01 1.039451e-01 9.757731e-02 9.046743e-02 8.262851e-02 7.407394e-02 6.481749e-02 5.487337e-02 4.425631e-02 3.298163e-02 2.106542e-02 8.524619e-03 -4.622766e-03 -1.835742e-02 -3.265846e-02 -4.750305e-02 -6.286598e-02 -7.128090e-02 
-8.798415e-02 -6.972985e-02 -5.221768e-02 -3.549190e-02 -1.958757e-02 -4.532036e-03 9.653894e-03 2.295485e-02 3.535998e-02 4.686223e-02 5.745763e-02 6.714484e-02 7.592465e-02 8.379961e-02 9.077378e-02 9.685242e-02 1.020419e-01 1.063492e-01 1.097824e-01 1.123500e-01 1.140609e-01 1.149246e-01 1.149509e-01 1.141501e-01 1.125326e-01 1.101092e-01 1.068910e-01 1.028891e-01 9.811517e-02 9.258088e-02 8.629824e-02 7.927950e-02 7.153719e-02 6.308416e-02 5.393362e-02 4.409917e-02 3.359490e-02 2.243546e-02 1.063616e-02 -1.786881e-03 -1.481656e-02 -2.843461e-02 -4.262130e-02 -5.735513e-02 -7.114283e-02 -7.687681e-02 
