-2.200000e-01 -2.100000e-01 -2.000000e-01 -1.900000e-01 -1.800000e-01 -1.700000e-01 -1.600000e-01 -1.500000e-01 -1.400000e-01 -1.300000e-01 -1.200000e-01 -1.100000e-01 -1.000000e-01 -9.000000e-02 -8.000000e-02 -7.000000e-02 -6.000000e-02 -5.000000e-02 -4.000000e-02 -3.000000e-02 -2.000000e-02 -1.000000e-02 0.000000e+00 1.000000e-02 2.000000e-02 3.000000e-02 4.000000e-02 5.000000e-02 6.000000e-02 7.000000e-02 8.000000e-02 9.000000e-02 1.000000e-01 1.100000e-01 1.200000e-01 1.300000e-01 1.400000e-01 1.500000e-01 1.600000e-01 1.700000e-01 1.800000e-01 1.900000e-01 2.000000e-01 2.100000e-01 2.200000e-01 2.300000e-01 2.400000e-01 
1.000000e-02 2.000000e-02 3.000000e-02 4.000000e-02 5.000000e-02 6.000000e-02 7.000000e-02 8.000000e-02 9.000000e-02 1.000000e-01 1.100000e-01 1.200000e-01 1.300000e-01 1.400000e-01 1.500000e-01 1.600000e-01 1.700000e-01 1.800000e-01 1.900000e-01 2.000000e-01 
1.042193e-02 5.558613e-02 1.038280e-01 1.525499e-01 2.000714e-01 2.454030e-01 2.880049e-01 3.276105e-01 3.801701e-01 4.318475e-01 4.781340e-01 5.192646e-01 5.645084e-01 6.083462e-01 6.453823e-01 6.776545e-01 7.071405e-01 7.294827e-01 7.451977e-01 7.547191e-01 7.584208e-01 7.566353e-01 7.496678e-01 7.378071e-01 7.218385e-01 7.046061e-01 6.833014e-01 6.579834e-01 6.287026e-01 5.955032e-01 5.625939e-01 5.324337e-01 4.992058e-01 4.628819e-01 4.234246e-01 3.854751e-01 3.579125e-01 3.288123e-01 2.982583e-01 2.663487e-01 2.331996e-01 1.989476e-01 1.637524e-01 1.277995e-01 9.912364e-02 7.767573e-02 5.592172e-02 
1.260582e-02 5.445696e-02 9.936322e-02 1.450940e-01 1.900778e-01 2.333124e-01 2.742022e-01 3.124174e-01 3.606897e-01 4.104682e-01 4.553159e-01 4.953535e-01 5.315026e-01 5.745322e-01 6.109999e-01 6.413687e-01 6.660261e-01 6.852965e-01 6.994515e-01 7.087191e-01 7.132905e-01 7.133268e-01 7.089631e-01 7.003130e-01 6.874711e-01 6.705164e-01 6.495142e-01 6.245184e-01 5.955740e-01 5.665078e-01 5.400250e-01 5.105595e-01 4.781000e-01 4.426276e-01 4.041170e-01 3.718860e-01 3.450923e-01 3.168134e-01 2.871341e-01 2.561534e-01 2.239866e-01 1.907679e-01 1.566528e-01 1.218198e-01 9.238624e-02 7.143187e-02 5.017053e-02 
1.399555e-02 5.306330e-02 9.504448e-02 1.380529e-01 1.806565e-01 2.218771e-01 2.610913e-01 2.979251e-01 3.423649e-01 3.902088e-01 4.335653e-01 4.724536e-01 5.069765e-01 5.420224e-01 5.778260e-01 6.077263e-01 6.320664e-01 6.511394e-01 6.651943e-01 6.744424e-01 6.790627e-01 6.792065e-01 6.750013e-01 6.665546e-01 6.539556e-01 6.372787e-01 6.165845e-01 5.919226e-01 5.668445e-01 5.439058e-01 5.180505e-01 4.892804e-01 4.575912e-01 4.229733e-01 3.854132e-01 3.585722e-01 3.325259e-01 3.050438e-01 2.762115e-01 2.461280e-01 2.149073e-01 1.826810e-01 1.496000e-01 1.158358e-01 8.568925e-02 6.521313e-02 4.442914e-02 
1.465052e-02 5.136017e-02 9.077656e-02 1.313190e-01 1.717064e-01 2.110088e-01 2.485978e-01 2.840714e-01 3.250674e-01 3.709708e-01 4.128061e-01 4.505049e-01 4.841017e-01 5.136838e-01 5.458188e-01 5.751795e-01 5.991430e-01 6.179691e-01 6.318831e-01 6.410784e-01 6.457206e-01 6.459508e-01 6.418886e-01 6.336347e-01 6.212732e-01 6.048736e-01 5.844925e-01 5.637673e-01 5.442555e-01 5.218784e-01 4.966482e-01 4.685720e-01 4.376523e-01 4.038885e-01 3.693775e-01 3.455220e-01 3.202019e-01 2.934928e-01 2.654804e-01 2.362632e-01 2.059539e-01 1.746809e-01 1.425906e-01 1.098476e-01 7.903293e-02 5.902042e-02 3.869917e-02 
1.464024e-02 4.933184e-02 8.649410e-02 1.248083e-01 1.631425e-01 2.006299e-01 2.366539e-01 2.707984e-01 3.086781e-01 3.526604e-01 3.929640e-01 4.294482e-01 4.620874e-01 4.909211e-01 5.160232e-01 5.436925e-01 5.672256e-01 5.857596e-01 5.994945e-01 6.086055e-01 6.132441e-01 6.135406e-01 6.096061e-01 6.015347e-01 5.894051e-01 5.732820e-01 5.574319e-01 5.412419e-01 5.222264e-01 5.004061e-01 4.757968e-01 4.484109e-01 4.182575e-01 3.853444e-01 3.559187e-01 3.327248e-01 3.081101e-01 2.821504e-01 2.549315e-01 2.265509e-01 1.971195e-01 1.667628e-01 1.356221e-01 1.038555e-01 7.241751e-02 5.285460e-02 3.298212e-02 
1.403574e-02 4.698133e-02 8.215443e-02 1.184560e-01 1.548943e-01 1.906730e-01 2.251987e-01 2.580528e-01 2.930890e-01 3.351897e-01 3.739681e-01 4.092258e-01 4.408862e-01 4.689461e-01 4.934451e-01 5.144459e-01 5.362833e-01 5.544838e-01 5.680048e-01 5.770022e-01 5.816131e-01 5.819567e-01 5.781353e-01 5.702362e-01 5.583324e-01 5.479889e-01 5.350240e-01 5.192652e-01 5.007393e-01 4.794697e-01 4.554758e-01 4.287749e-01 3.993824e-01 3.673138e-01 3.427217e-01 3.201709e-01 2.962408e-01 2.710075e-01 2.445564e-01 2.169837e-01 1.883983e-01 1.589224e-01 1.286926e-01 9.786041e-02 6.659211e-02 4.671650e-02 2.727941e-02 
1.290499e-02 4.432297e-02 7.773157e-02 1.122136e-01 1.469045e-01 1.810799e-01 2.141779e-01 2.457858e-01 2.782039e-01 3.184773e-01 3.557508e-01 3.897820e-01 4.204518e-01 4.477199e-01 4.715949e-01 4.921143e-01 5.093320e-01 5.241144e-01 5.373896e-01 5.462464e-01 5.508071e-01 5.511795e-01 5.474572e-01 5.426135e-01 5.355871e-01 5.257561e-01 5.131566e-01 4.978207e-01 4.797769e-01 4.590509e-01 4.356657e-01 4.096429e-01 3.810039e-01 3.502957e-01 3.297770e-01 3.078508e-01 2.845852e-01 2.600559e-01 2.343475e-01 2.075551e-01 1.797851e-01 1.511562e-01 1.218006e-01 9.186348e-02 6.150317e-02 4.060687e-02 2.159237e-02 
1.131072e-02 4.137744e-02 7.321156e-02 1.060451e-01 1.391263e-01 1.718012e-01 2.035436e-01 2.339531e-01 2.639377e-01 3.024491e-01 3.382492e-01 3.710636e-01 4.007392e-01 4.272042e-01 4.504398e-01 4.704605e-01 4.873010e-01 5.010076e-01 5.116322e-01 5.192289e-01 5.238513e-01 5.255512e-01 5.243776e-01 5.203764e-01 5.135899e-01 5.040572e-01 4.918137e-01 4.768922e-01 4.593224e-01 4.391321e-01 4.163476e-01 3.909948e-01 3.631001e-01 3.370256e-01 3.170756e-01 2.957562e-01 2.731352e-01 2.492879e-01 2.242981e-01 1.982592e-01 1.712751e-01 1.434614e-01 1.149452e-01 8.586607e-02 5.637471e-02 3.452642e-02 1.592224e-02 
9.309550e-03 3.816848e-02 6.858885e-02 9.992470e-02 1.315226e-01 1.627951e-01 1.932537e-01 2.225148e-01 2.502894e-01 2.870383e-01 3.214048e-01 3.530203e-01 3.817055e-01 4.073623e-01 4.299481e-01 4.494565e-01 4.659051e-01 4.793255e-01 4.897580e-01 4.972470e-01 5.018386e-01 5.035784e-01 5.025110e-01 4.986788e-01 4.921216e-01 4.828771e-01 4.709804e-01 4.564642e-01 4.393597e-01 4.196965e-01 3.975038e-01 3.728114e-01 3.456506e-01 3.240067e-01 3.046092e-01 2.838789e-01 2.618832e-01 2.386966e-01 2.144019e-01 1.890907e-01 1.628645e-01 1.358353e-01 1.081258e-01 7.986969e-02 5.121070e-02 2.847582e-02 1.027018e-02 
6.951933e-03 3.472076e-02 6.386363e-02 9.383412e-02 1.240638e-01 1.540265e-01 1.832718e-01 2.114353e-01 2.382347e-01 2.721849e-01 3.051639e-01 3.356051e-01 3.633097e-01 3.881585e-01 4.100885e-01 4.290751e-01 4.451199e-01 4.582414e-01 4.684686e-01 4.758369e-01 4.803850e-01 4.821527e-01 4.811799e-01 4.775056e-01 4.711673e-01 4.622012e-01 4.506415e-01 4.365215e-01 4.198730e-01 4.007276e-01 3.791171e-01 3.550745e-01 3.287329e-01 3.112309e-01 2.923701e-01 2.722115e-01 2.508220e-01 2.282754e-01 2.046531e-01 1.800449e-01 1.545497e-01 1.282759e-01 1.013420e-01 7.387596e-02 4.601500e-02 2.245570e-02 4.637282e-03 
4.282426e-03 3.105859e-02 5.903985e-02 8.776105e-02 1.167267e-01 1.454661e-01 1.735659e-01 2.006826e-01 2.265433e-01 2.578358e-01 2.894776e-01 3.187741e-01 3.455130e-01 3.695587e-01 3.908310e-01 4.092895e-01 4.249218e-01 4.377339e-01 4.477446e-01 4.549807e-01 4.594738e-01 4.612581e-01 4.603690e-01 4.568421e-01 4.507126e-01 4.420149e-01 4.307828e-01 4.170493e-01 4.008473e-01 3.822099e-01 3.611710e-01 3.377670e-01 3.157057e-01 2.986906e-01 2.803508e-01 2.607469e-01 2.399452e-01 2.180185e-01 1.950466e-01 1.711175e-01 1.463274e-01 1.207814e-01 9.459353e-02 6.788654e-02 4.079135e-02 1.646661e-02 -9.754422e-04 
1.340187e-03 2.720516e-02 5.412385e-02 8.169753e-02 1.094930e-01 1.370895e-01 1.641086e-01 1.902286e-01 2.151876e-01 2.439439e-01 2.743014e-01 3.024866e-01 3.282790e-01 3.515303e-01 3.721466e-01 3.900740e-01 4.052874e-01 4.177819e-01 4.275667e-01 4.346605e-01 4.390883e-01 4.408789e-01 4.400633e-01 4.366738e-01 4.307432e-01 4.223043e-01 4.113901e-01 3.980335e-01 3.822681e-01 3.641282e-01 3.436500e-01 3.208724e-01 3.029207e-01 2.863784e-01 2.685443e-01 2.494786e-01 2.292467e-01 2.079202e-01 1.855776e-01 1.623046e-01 1.381950e-01 1.133503e-01 8.788043e-02 6.190313e-02 3.554333e-02 1.050908e-02 -6.567048e-03 
-1.840471e-03 2.318212e-02 4.912331e-02 7.563887e-02 1.023487e-01 1.288764e-01 1.548762e-01 1.800481e-01 2.041425e-01 2.304678e-01 2.595952e-01 2.867052e-01 3.115734e-01 3.340425e-01 3.540077e-01 3.714036e-01 3.861943e-01 3.983649e-01 4.079161e-01 4.148590e-01 4.192124e-01 4.209998e-01 4.202481e-01 4.169865e-01 4.112452e-01 4.030556e-01 3.924496e-01 3.794602e-01 3.641212e-01 3.464682e-01 3.265391e-01 3.051403e-01 2.903709e-01 2.742873e-01 2.569440e-01 2.384003e-01 2.187206e-01 1.979754e-01 1.762415e-01 1.536026e-01 1.301498e-01 1.059812e-01 8.120280e-02 5.592741e-02 3.027439e-02 4.583607e-03 -1.213666e-02 
-5.229527e-03 1.900939e-02 4.404659e-02 6.958271e-02 9.528290e-02 1.208099e-01 1.458483e-01 1.701191e-01 1.933854e-01 2.173714e-01 2.453229e-01 2.713956e-01 2.953643e-01 3.170661e-01 3.363876e-01 3.532542e-01 3.676205e-01 3.794630e-01 3.887744e-01 3.955591e-01 3.998299e-01 4.016056e-01 4.009090e-01 3.977662e-01 3.922051e-01 3.842554e-01 3.739481e-01 3.613160e-01 3.463931e-01 3.292160e-01 3.098239e-01 2.924050e-01 2.780493e-01 2.624109e-01 2.455437e-01 2.275061e-01 2.083616e-01 1.881793e-01 1.670343e-01 1.450083e-01 1.221896e-01 9.867311e-02 7.456085e-02 4.996107e-02 2.498780e-02 -2.402080e-04 -1.768345e-02 
-8.800719e-03 1.470513e-02 3.890225e-02 6.352841e-02 8.828728e-02 1.128762e-01 1.370074e-01 1.604218e-01 1.828960e-01 2.046227e-01 2.314521e-01 2.565263e-01 2.796222e-01 3.005737e-01 3.192613e-01 3.356028e-01 3.495450e-01 3.610568e-01 3.701238e-01 3.767442e-01 3.809254e-01 3.826816e-01 3.820319e-01 3.789993e-01 3.736095e-01 3.658906e-01 3.558726e-01 3.435878e-01 3.290706e-01 3.123580e-01 2.934908e-01 2.799038e-01 2.659493e-01 2.507428e-01 2.343374e-01 2.167905e-01 1.981646e-01 1.785274e-01 1.579523e-01 1.365187e-01 1.143123e-01 9.142499e-02 6.795484e-02 4.400573e-02 1.968668e-02 -4.889148e-03 -2.320668e-02 
-1.253107e-02 1.028576e-02 3.369874e-02 5.747648e-02 8.135555e-02 1.050636e-01 1.283382e-01 1.509392e-01 1.726560e-01 1.933100e-01 2.179538e-01 2.420687e-01 2.643196e-01 2.845395e-01 3.026048e-01 3.184273e-01 3.319474e-01 3.431274e-01 3.519467e-01 3.583980e-01 3.624835e-01 3.642133e-01 3.636029e-01 3.606725e-01 3.554456e-01 3.479485e-01 3.382105e-01 3.262632e-01 3.121410e-01 2.958816e-01 2.799250e-01 2.676301e-01 2.540647e-01 2.392771e-01 2.233194e-01 2.062483e-01 1.881249e-01 1.690156e-01 1.489919e-01 1.281311e-01 1.065162e-01 8.423605e-02 6.138510e-02 3.806300e-02 1.437400e-02 -9.573977e-03 -2.870563e-02 
-1.640044e-02 5.766082e-03 2.844418e-02 5.142823e-02 7.448298e-02 9.736277e-02 1.198278e-01 1.416558e-01 1.626489e-01 1.826368e-01 2.048021e-01 2.279965e-01 2.494311e-01 2.689394e-01 2.863954e-01 3.017067e-01 3.148082e-01 3.256568e-01 3.342264e-01 3.405046e-01 3.444893e-01 3.461866e-01 3.456086e-01 3.427728e-01 3.377006e-01 3.304168e-01 3.209495e-01 3.093298e-01 2.955921e-01 2.797744e-01 2.675250e-01 2.555775e-01 2.423893e-01 2.280079e-01 2.124844e-01 1.958745e-01 1.782380e-01 1.596398e-01 1.401497e-01 1.198428e-01 9.879945e-02 7.710555e-02 5.485199e-02 3.213441e-02 9.052565e-03 -1.429056e-02 -3.417967e-02 
-2.039117e-02 1.159380e-03 2.314625e-02 4.538551e-02 6.766603e-02 8.976561e-02 1.114650e-01 1.325583e-01 1.528600e-01 1.722082e-01 1.919737e-01 2.142860e-01 2.349331e-01 2.537508e-01 2.706119e-01 2.854209e-01 2.981086e-01 3.086273e-01 3.169464e-01 3.230488e-01 3.269284e-01 3.285876e-01 3.280357e-01 3.252874e-01 3.203622e-01 3.132832e-01 3.040776e-01 2.927758e-01 2.794120e-01 2.657070e-01 2.553509e-01 2.437401e-01 2.309175e-01 2.169298e-01 2.018273e-01 1.856644e-01 1.684997e-01 1.503965e-01 1.314228e-01 1.116515e-01 9.116058e-02 7.003287e-02 4.835588e-02 2.622144e-02 3.725033e-03 -1.903501e-02 -3.962819e-02 
-2.448773e-02 -3.522447e-03 1.781214e-02 3.935045e-02 6.090212e-02 8.226555e-02 1.032399e-01 1.236346e-01 1.432759e-01 1.620100e-01 1.797049e-01 2.009155e-01 2.208041e-01 2.389526e-01 2.552339e-01 2.695508e-01 2.818307e-01 2.920223e-01 3.000908e-01 3.060155e-01 3.097865e-01 3.114030e-01 3.108714e-01 3.082040e-01 3.034183e-01 2.965362e-01 2.875834e-01 2.765898e-01 2.635893e-01 2.534560e-01 2.433967e-01 2.321119e-01 2.196436e-01 2.060376e-01 1.913432e-01 1.756135e-01 1.589059e-01 1.412820e-01 1.228081e-01 1.035550e-01 8.359814e-02 6.301743e-02 4.189717e-02 2.032551e-02 -1.606089e-03 -2.380369e-02 -4.505065e-02 
-2.867647e-02 -8.268753e-03 1.244850e-02 3.332533e-02 5.418936e-02 7.485706e-02 9.514422e-02 1.148743e-01 1.338846e-01 1.520295e-01 1.691825e-01 1.878653e-01 2.070241e-01 2.245252e-01 2.402426e-01 2.540782e-01 2.659573e-01 2.758254e-01 2.836444e-01 2.893903e-01 2.930500e-01 2.946197e-01 2.941031e-01 2.915105e-01 2.868574e-01 2.801641e-01 2.714555e-01 2.607606e-01 2.499654e-01 2.414284e-01 2.316564e-01 2.206873e-01 2.085624e-01 1.953263e-01 1.810273e-01 1.657175e-01 1.494527e-01 1.322931e-01 1.143031e-01 9.555131e-02 7.611079e-02 5.605872e-02 3.547623e-02 1.444798e-02 -6.938434e-03 -2.859319e-02 -5.042522e-02 
