-3.100000e-01 -3.000000e-01 -2.900000e-01 -2.800000e-01 -2.700000e-01 -2.600000e-01 -2.500000e-01 -2.400000e-01 -2.300000e-01 -2.200000e-01 -2.100000e-01 -2.000000e-01 -1.900000e-01 -1.800000e-01 -1.700000e-01 -1.600000e-01 -1.500000e-01 -1.400000e-01 -1.300000e-01 -1.200000e-01 -1.100000e-01 -1.000000e-01 -9.000000e-02 -8.000000e-02 -7.000000e-02 -6.000000e-02 -5.000000e-02 -4.000000e-02 -3.000000e-02 -2.000000e-02 -1.000000e-02 0.000000e+00 1.000000e-02 2.000000e-02 3.000000e-02 4.000000e-02 5.000000e-02 6.000000e-02 
1.000000e-02 2.000000e-02 3.000000e-02 4.000000e-02 5.000000e-02 6.000000e-02 7.000000e-02 8.000000e-02 9.000000e-02 1.000000e-01 1.100000e-01 1.200000e-01 1.300000e-01 1.400000e-01 1.500000e-01 1.600000e-01 1.700000e-01 1.800000e-01 1.900000e-01 2.000000e-01 
1.709629e-01 1.895384e-01 2.063770e-01 2.215429e-01 2.350946e-01 2.470866e-01 2.575700e-01 2.665937e-01 2.742051e-01 2.804508e-01 2.853781e-01 2.890354e-01 2.914737e-01 2.927477e-01 2.929170e-01 2.920457e-01 2.901950e-01 2.874216e-01 2.837786e-01 2.793148e-01 2.740761e-01 2.681052e-01 2.614421e-01 2.541240e-01 2.461859e-01 2.376608e-01 2.285795e-01 2.189708e-01 2.088622e-01 1.982792e-01 1.872461e-01 1.757856e-01 1.639193e-01 1.516675e-01 1.390494e-01 1.260832e-01 1.127861e-01 9.917427e-02 
1.515166e-01 1.699781e-01 1.867204e-01 2.018051e-01 2.152889e-01 2.272248e-01 2.376625e-01 2.466494e-01 2.542318e-01 2.604553e-01 2.653660e-01 2.690114e-01 2.714412e-01 2.727091e-01 2.728737e-01 2.719982e-01 2.701437e-01 2.673672e-01 2.637212e-01 2.592549e-01 2.540139e-01 2.480410e-01 2.413761e-01 2.340564e-01 2.261169e-01 2.175905e-01 2.085080e-01 1.988984e-01 1.887888e-01 1.782050e-01 1.671711e-01 1.557100e-01 1.438431e-01 1.315908e-01 1.189722e-01 1.060056e-01 9.270806e-02 7.909587e-02 
1.324577e-01 1.507897e-01 1.674218e-01 1.824130e-01 1.958182e-01 2.076883e-01 2.180715e-01 2.270139e-01 2.345604e-01 2.407556e-01 2.456443e-01 2.492728e-01 2.516899e-01 2.529481e-01 2.531047e-01 2.522222e-01 2.503616e-01 2.475796e-01 2.439288e-01 2.394583e-01 2.342135e-01 2.282373e-01 2.215693e-01 2.142470e-01 2.063051e-01 1.977766e-01 1.886922e-01 1.790809e-01 1.689698e-01 1.583846e-01 1.473495e-01 1.358872e-01 1.240193e-01 1.117661e-01 9.914677e-02 8.617942e-02 7.288124e-02 6.115389e-02 
1.137780e-01 1.319655e-01 1.484739e-01 1.633599e-01 1.766757e-01 1.884705e-01 1.987907e-01 2.076810e-01 2.151849e-01 2.213457e-01 2.262069e-01 2.298139e-01 2.322141e-01 2.334588e-01 2.336043e-01 2.327120e-01 2.308429e-01 2.280533e-01 2.243958e-01 2.199193e-01 2.146693e-01 2.086883e-01 2.020162e-01 1.946901e-01 1.867450e-01 1.782135e-01 1.691264e-01 1.595127e-01 1.493994e-01 1.388123e-01 1.277755e-01 1.163117e-01 1.044424e-01 9.218795e-02 8.030323e-02 7.142645e-02 6.208276e-02 5.228046e-02 
9.546919e-02 1.134976e-01 1.298695e-01 1.446386e-01 1.578548e-01 1.695651e-01 1.798141e-01 1.886449e-01 1.960995e-01 2.022198e-01 2.070484e-01 2.106290e-01 2.130082e-01 2.142358e-01 2.143669e-01 2.134622e-01 2.115820e-01 2.087827e-01 2.051166e-01 2.006324e-01 1.953756e-01 1.893886e-01 1.827112e-01 1.753803e-01 1.674309e-01 1.588956e-01 1.498051e-01 1.401883e-01 1.300723e-01 1.194827e-01 1.084437e-01 9.697791e-02 8.728110e-02 7.947484e-02 7.118850e-02 6.243010e-02 5.320770e-02 4.352946e-02 
7.752272e-02 9.537818e-02 1.116012e-01 1.262424e-01 1.393490e-01 1.509658e-01 1.611355e-01 1.698995e-01 1.772983e-01 1.833724e-01 1.881630e-01 1.917127e-01 1.940666e-01 1.952736e-01 1.953873e-01 1.944672e-01 1.925736e-01 1.897624e-01 1.860858e-01 1.815923e-01 1.763273e-01 1.703330e-01 1.636489e-01 1.563122e-01 1.483576e-01 1.398176e-01 1.307230e-01 1.211024e-01 1.109831e-01 1.003905e-01 9.199418e-02 8.527537e-02 7.806431e-02 7.036870e-02 6.219633e-02 5.355503e-02 4.445275e-02 3.489746e-02 
5.992995e-02 7.759932e-02 9.366166e-02 1.081642e-01 1.211516e-01 1.326663e-01 1.427489e-01 1.514390e-01 1.587757e-01 1.647978e-01 1.695453e-01 1.730595e-01 1.753841e-01 1.765668e-01 1.766600e-01 1.757220e-01 1.738125e-01 1.709873e-01 1.672983e-01 1.627939e-01 1.575191e-01 1.515161e-01 1.448243e-01 1.374807e-01 1.295199e-01 1.209745e-01 1.118749e-01 1.022499e-01 9.442931e-02 8.881225e-02 8.269167e-02 7.607497e-02 6.896967e-02 6.138332e-02 5.332355e-02 4.479809e-02 3.581468e-02 2.638118e-02 
4.268210e-02 6.015296e-02 7.604334e-02 9.039714e-02 1.032561e-01 1.146603e-01 1.246482e-01 1.332577e-01 1.405260e-01 1.464906e-01 1.511900e-01 1.546641e-01 1.569555e-01 1.581104e-01 1.581799e-01 1.572213e-01 1.552936e-01 1.524523e-01 1.487491e-01 1.442320e-01 1.389460e-01 1.329330e-01 1.262323e-01 1.188808e-01 1.109129e-01 1.023612e-01 9.458024e-02 9.007671e-02 8.505927e-02 7.953505e-02 7.351126e-02 6.699519e-02 5.999419e-02 5.251569e-02 4.456717e-02 3.615621e-02 2.729042e-02 1.797749e-02 
2.577034e-02 4.303103e-02 5.873883e-02 7.293419e-02 8.565595e-02 9.694162e-02 1.068276e-01 1.153498e-01 1.225437e-01 1.284454e-01 1.330918e-01 1.365215e-01 1.387757e-01 1.398993e-01 1.399422e-01 1.389602e-01 1.370120e-01 1.341525e-01 1.304332e-01 1.259019e-01 1.206031e-01 1.145789e-01 1.078682e-01 1.005077e-01 9.253179e-02 8.906653e-02 8.516246e-02 8.074183e-02 7.581156e-02 7.037863e-02 6.445012e-02 5.803318e-02 5.113502e-02 4.376294e-02 3.592428e-02 2.762647e-02 1.887700e-02 9.683402e-03 
9.185757e-03 2.622541e-02 4.174065e-02 5.576841e-02 6.834459e-02 7.950411e-02 8.928120e-02 9.770970e-02 1.048235e-01 1.106570e-01 1.152455e-01 1.186265e-01 1.208397e-01 1.219286e-01 1.219418e-01 1.209340e-01 1.189628e-01 1.160832e-01 1.123459e-01 1.077987e-01 1.024858e-01 9.644899e-02 8.972707e-02 8.578581e-02 8.300291e-02 7.969457e-02 7.586740e-02 7.152810e-02 6.668343e-02 6.134025e-02 5.550550e-02 4.918619e-02 4.238941e-02 3.512230e-02 2.739210e-02 1.920608e-02 1.057159e-02 1.496049e-03 
-7.080589e-03 9.727960e-03 2.504131e-02 3.889288e-02 5.131554e-02 6.234163e-02 7.200311e-02 8.033183e-02 8.735988e-02 9.312001e-02 9.764618e-02 1.009742e-01 1.031426e-01 1.041936e-01 1.041741e-01 1.031378e-01 1.011415e-01 9.823954e-02 9.448258e-02 8.991782e-02 8.458943e-02 8.024493e-02 7.858851e-02 7.639872e-02 7.368185e-02 7.044426e-02 6.669241e-02 6.243285e-02 5.767223e-02 5.241727e-02 4.667476e-02 4.045159e-02 3.375470e-02 2.659113e-02 1.896795e-02 1.089234e-02 2.371489e-03 -6.587315e-03 
-2.303764e-02 -6.469450e-03 8.633365e-03 2.230069e-02 3.456237e-02 4.544811e-02 5.498761e-02 6.321068e-02 7.014760e-02 7.582948e-02 8.028876e-02 8.355980e-02 8.567974e-02 8.668939e-02 8.663448e-02 8.556706e-02 8.354335e-02 8.061716e-02 7.683869e-02 7.246066e-02 7.193342e-02 7.086592e-02 6.926405e-02 6.713384e-02 6.448141e-02 6.131298e-02 5.763488e-02 5.345352e-02 4.877541e-02 4.360712e-02 3.795534e-02 3.182680e-02 2.522834e-02 1.816684e-02 1.064927e-02 2.682657e-03 -5.725923e-03 -1.456932e-02 
-3.592122e-02 -2.237493e-02 -7.490621e-03 5.984971e-03 1.807866e-02 2.881754e-02 3.822900e-02 4.634082e-02 5.318146e-02 5.878035e-02 6.316838e-02 6.637849e-02 6.844640e-02 6.941156e-02 6.931831e-02 6.821735e-02 6.616402e-02 6.321161e-02 6.305833e-02 6.311416e-02 6.262941e-02 6.160971e-02 6.006081e-02 5.798860e-02 5.539904e-02 5.229822e-02 4.869232e-02 4.458761e-02 3.999047e-02 3.490734e-02 2.934477e-02 2.330938e-02 1.680787e-02 9.846991e-03 2.433587e-03 -5.425445e-03 -1.372314e-02 -2.245250e-02 
-4.463716e-02 -3.417128e-02 -2.333803e-02 -1.006111e-02 1.858063e-03 1.244396e-02 2.172165e-02 2.971690e-02 3.645632e-02 4.196766e-02 4.628027e-02 4.942563e-02 5.143804e-02 5.235558e-02 5.222122e-02 5.108428e-02 5.199076e-02 5.316811e-02 5.379980e-02 5.389106e-02 5.344722e-02 5.247376e-02 5.097629e-02 4.896052e-02 4.643229e-02 4.339753e-02 3.986229e-02 3.583271e-02 3.131501e-02 2.631554e-02 2.084069e-02 1.489695e-02 8.490908e-03 1.629190e-03 -5.681491e-03 -1.343436e-02 -2.162258e-02 -3.023926e-02 
-5.320423e-02 -4.284297e-02 -3.307197e-02 -2.389074e-02 -1.410572e-02 -3.678549e-03 5.459997e-03 1.333363e-02 1.996712e-02 2.538655e-02 2.961972e-02 3.269663e-02 3.465018e-02 3.591767e-02 3.876559e-02 4.105951e-02 4.280397e-02 4.400373e-02 4.466366e-02 4.478880e-02 4.438435e-02 4.345561e-02 4.200804e-02 4.004720e-02 3.757877e-02 3.460855e-02 3.114245e-02 2.718648e-02 2.274673e-02 1.782940e-02 1.244078e-02 6.587217e-03 2.751691e-04 -6.488850e-03 -1.369825e-02 -2.134639e-02 -2.942654e-02 -3.793193e-02 
-6.162642e-02 -5.137089e-02 -4.169512e-02 -3.259907e-02 -2.408214e-02 -1.614321e-02 -8.780683e-03 -1.992567e-03 4.223508e-03 9.870244e-03 1.495064e-02 1.946798e-02 2.342578e-02 2.682781e-02 2.967805e-02 3.198067e-02 3.374005e-02 3.496072e-02 3.564740e-02 3.580494e-02 3.543838e-02 3.455287e-02 3.315369e-02 3.124627e-02 2.883614e-02 2.592897e-02 2.253052e-02 1.864666e-02 1.428337e-02 9.446702e-03 4.142817e-03 -1.622044e-03 -7.841561e-03 -1.450934e-02 -2.161891e-02 -2.916374e-02 -3.713724e-02 -4.553275e-02 
-6.990764e-02 -5.975882e-02 -5.017931e-02 -4.116956e-02 -3.272938e-02 -2.485803e-02 -1.755431e-02 -1.081655e-02 -4.642704e-03 9.696335e-04 6.023184e-03 1.052096e-02 1.446625e-02 1.786259e-02 2.071372e-02 2.302363e-02 2.479647e-02 2.603662e-02 2.674859e-02 2.693708e-02 2.660695e-02 2.576319e-02 2.441094e-02 2.255547e-02 2.020217e-02 1.735657e-02 1.402429e-02 1.021107e-02 5.922752e-03 1.165271e-03 -4.055342e-03 -9.732972e-03 -1.586142e-02 -2.243441e-02 -2.944560e-02 -3.688856e-02 -4.475683e-02 -5.304386e-02 
-7.805170e-02 -6.801040e-02 -5.852808e-02 -4.960562e-02 -4.124325e-02 -3.344061e-02 -2.619686e-02 -1.951067e-02 -1.338029e-02 -7.803620e-03 -2.778212e-03 1.698692e-03 5.630134e-03 9.019415e-03 1.187007e-02 1.418588e-02 1.597080e-02 1.722902e-02 1.796487e-02 1.818289e-02 1.788776e-02 1.708431e-02 1.577755e-02 1.397258e-02 1.167466e-02 8.889177e-03 5.621611e-03 1.877572e-03 -2.337230e-03 -7.016983e-03 -1.215578e-02 -1.774764e-02 -2.378647e-02 -3.026612e-02 -3.718037e-02 -4.452290e-02 -5.228736e-02 -6.046733e-02 
-8.606231e-02 -7.612922e-02 -6.674487e-02 -5.791057e-02 -4.962696e-02 -4.189406e-02 -3.471135e-02 -2.807783e-02 -2.199209e-02 -1.645229e-02 -1.145625e-02 -7.001479e-03 -3.085165e-03 2.957628e-04 3.144631e-03 5.465002e-03 7.260655e-03 8.535574e-03 9.293934e-03 9.540089e-03 9.278562e-03 8.514036e-03 7.251344e-03 5.495461e-03 3.251498e-03 5.246930e-04 -2.679595e-03 -6.355894e-03 -1.049862e-02 -1.510209e-02 -2.016053e-02 -2.566805e-02 -3.161871e-02 -3.800647e-02 -4.482520e-02 -5.206874e-02 -5.973082e-02 -6.780514e-02 
-9.394311e-02 -8.411876e-02 -7.483303e-02 -6.608766e-02 -5.788365e-02 -5.022139e-02 -4.310071e-02 -3.652092e-02 -3.048089e-02 -2.497908e-02 -2.001358e-02 -1.558213e-02 -1.168216e-02 -8.310832e-03 -5.465023e-03 -3.141374e-03 -1.336298e-03 -4.599430e-05 7.335361e-04 1.006479e-03 7.771952e-04 5.021128e-05 -1.169791e-03 -2.877981e-03 -5.069392e-03 -7.738922e-03 -1.088135e-02 -1.449133e-02 -1.856340e-02 -2.309202e-02 -2.807152e-02 -3.349615e-02 -3.936007e-02 -4.565737e-02 -5.238203e-02 -5.952799e-02 -6.708912e-02 -7.505922e-02 
