-2.100000e-01 -2.000000e-01 -1.900000e-01 -1.800000e-01 -1.700000e-01 -1.600000e-01 -1.500000e-01 -1.400000e-01 -1.300000e-01 -1.200000e-01 -1.100000e-01 -1.000000e-01 -9.000000e-02 -8.000000e-02 -7.000000e-02 -6.000000e-02 -5.000000e-02 -4.000000e-02 -3.000000e-02 -2.000000e-02 -1.000000e-02 0.000000e+00 1.000000e-02 2.000000e-02 3.000000e-02 4.000000e-02 5.000000e-02 6.000000e-02 7.000000e-02 8.000000e-02 9.000000e-02 1.000000e-01 1.100000e-01 1.200000e-01 1.300000e-01 1.400000e-01 1.500000e-01 1.600000e-01 1.700000e-01 1.800000e-01 1.900000e-01 2.000000e-01 2.100000e-01 2.200000e-01 2.300000e-01 2.400000e-01 
1.000000e-02 2.000000e-02 3.000000e-02 4.000000e-02 5.000000e-02 6.000000e-02 7.000000e-02 8.000000e-02 9.000000e-02 1.000000e-01 1.100000e-01 1.200000e-01 1.300000e-01 1.400000e-01 1.500000e-01 1.600000e-01 1.700000e-01 1.800000e-01 1.900000e-01 2.000000e-01 
6.646558e-02 1.077943e-01 1.477855e-01 1.859222e-01 2.364810e-01 2.899500e-01 3.396037e-01 3.851836e-01 4.266547e-01 4.735348e-01 5.232099e-01 5.665447e-01 6.039965e-01 6.453707e-01 6.796781e-01 7.071664e-01 7.283201e-01 7.435340e-01 7.531339e-01 7.573931e-01 7.565447e-01 7.507910e-01 7.403121e-01 7.252729e-01 7.058291e-01 6.821333e-01 6.543400e-01 6.281711e-01 5.992104e-01 5.666073e-01 5.303256e-01 4.908555e-01 4.618562e-01 4.304906e-01 3.967878e-01 3.607866e-01 3.225395e-01 2.821203e-01 2.528781e-01 2.276076e-01 2.015136e-01 1.746981e-01 1.472721e-01 1.193558e-01 9.107739e-02 6.257232e-02 
6.074898e-02 9.999068e-02 1.382023e-01 1.748431e-01 2.251803e-01 2.759278e-01 3.234433e-01 3.673475e-01 4.075048e-01 4.474288e-01 4.957435e-01 5.380800e-01 5.748005e-01 6.062368e-01 6.396012e-01 6.668599e-01 6.878815e-01 7.030384e-01 7.126402e-01 7.169479e-01 7.161841e-01 7.105426e-01 7.001958e-01 6.853008e-01 6.660061e-01 6.463720e-01 6.250729e-01 6.002040e-01 5.717598e-01 5.397212e-01 5.040544e-01 4.728430e-01 4.446124e-01 4.140916e-01 3.813174e-01 3.463372e-01 3.092135e-01 2.700300e-01 2.431428e-01 2.185558e-01 1.931687e-01 1.670802e-01 1.403973e-01 1.132353e-01 8.571642e-02 5.796933e-02 
5.529984e-02 9.259260e-02 1.291065e-01 1.646657e-01 2.146422e-01 2.627719e-01 3.081813e-01 3.504042e-01 3.892234e-01 4.245685e-01 4.695393e-01 5.107884e-01 5.466996e-01 5.775397e-01 6.035565e-01 6.277367e-01 6.485616e-01 6.636104e-01 6.731740e-01 6.774990e-01 6.767969e-01 6.712521e-01 6.610281e-01 6.493767e-01 6.355851e-01 6.182434e-01 5.973726e-01 5.729814e-01 5.450659e-01 5.136093e-01 4.804909e-01 4.552698e-01 4.277958e-01 3.981052e-01 3.662418e-01 3.322606e-01 2.962320e-01 2.582481e-01 2.335441e-01 2.096177e-01 1.849127e-01 1.595249e-01 1.335574e-01 1.071205e-01 8.033109e-02 5.331150e-02 
5.004078e-02 8.552368e-02 1.204287e-01 1.576901e-01 2.047166e-01 2.503566e-01 2.937164e-01 3.342725e-01 3.717452e-01 4.060074e-01 4.445196e-01 4.846105e-01 5.196468e-01 5.498324e-01 5.753692e-01 5.964462e-01 6.132347e-01 6.258870e-01 6.347152e-01 6.393003e-01 6.402767e-01 6.375505e-01 6.311917e-01 6.212574e-01 6.077923e-01 5.908290e-01 5.703886e-01 5.464809e-01 5.191039e-01 4.882439e-01 4.626618e-01 4.381178e-01 4.113869e-01 3.825107e-01 3.515391e-01 3.185334e-01 2.835708e-01 2.467498e-01 2.240775e-01 2.007894e-01 1.767431e-01 1.520309e-01 1.267522e-01 1.010130e-01 7.492484e-02 4.860415e-02 
4.491181e-02 7.872035e-02 1.121087e-01 1.509587e-01 1.952787e-01 2.385717e-01 2.799558e-01 3.188764e-01 3.550081e-01 3.881782e-01 4.206062e-01 4.594856e-01 4.935942e-01 5.230758e-01 5.480880e-01 5.687866e-01 5.853183e-01 5.978167e-01 6.064016e-01 6.111782e-01 6.122382e-01 6.096600e-01 6.035094e-01 5.938407e-01 5.806966e-01 5.641092e-01 5.441000e-01 5.206799e-01 4.938493e-01 4.669658e-01 4.452491e-01 4.213697e-01 3.953676e-01 3.672891e-01 3.371893e-01 3.051348e-01 2.712083e-01 2.365864e-01 2.147384e-01 1.920677e-01 1.686573e-01 1.445969e-01 1.199821e-01 9.491454e-02 6.950096e-02 4.385229e-02 
3.986739e-02 7.213046e-02 1.040942e-01 1.443802e-01 1.862274e-01 2.273218e-01 2.668163e-01 3.041452e-01 3.389530e-01 3.710315e-01 4.002720e-01 4.353532e-01 4.684931e-01 4.972302e-01 5.216797e-01 5.419652e-01 5.582090e-01 5.705263e-01 5.790224e-01 5.837919e-01 5.849184e-01 5.824740e-01 5.765203e-01 5.671084e-01 5.542796e-01 5.380650e-01 5.184867e-01 4.955568e-01 4.692784e-01 4.493618e-01 4.282375e-01 4.050093e-01 3.797210e-01 3.524227e-01 3.231739e-01 2.920457e-01 2.591250e-01 2.267941e-01 2.055231e-01 1.834492e-01 1.606533e-01 1.372218e-01 1.132472e-01 8.882670e-02 6.406260e-02 3.906063e-02 
3.487367e-02 6.571173e-02 9.880626e-02 1.378893e-01 1.774816e-01 2.165259e-01 2.542239e-01 2.900144e-01 3.235245e-01 3.545202e-01 3.828657e-01 4.121535e-01 4.442953e-01 4.722557e-01 4.961106e-01 5.159531e-01 5.318816e-01 5.439930e-01 5.523785e-01 5.571220e-01 5.582986e-01 5.559745e-01 5.502065e-01 5.410430e-01 5.285231e-01 5.126775e-01 4.935286e-01 4.710901e-01 4.506127e-01 4.321566e-01 4.116123e-01 3.890215e-01 3.644313e-01 3.378951e-01 3.094760e-01 2.792488e-01 2.473037e-01 2.171401e-01 1.964278e-01 1.749313e-01 1.527291e-01 1.299050e-01 1.065477e-01 8.275109e-02 5.861271e-02 3.423359e-02 
2.990613e-02 5.943031e-02 9.444364e-02 1.314404e-01 1.689776e-01 2.061160e-01 2.421137e-01 2.764254e-01 3.086713e-01 3.386000e-01 3.660543e-01 3.909440e-01 4.209529e-01 4.481125e-01 4.713472e-01 4.907212e-01 5.063105e-01 5.181940e-01 5.264493e-01 5.311492e-01 5.323607e-01 5.301437e-01 5.245507e-01 5.156267e-01 5.034092e-01 4.879282e-01 4.692063e-01 4.491472e-01 4.332794e-01 4.153367e-01 3.953595e-01 3.733919e-01 3.494836e-01 3.236910e-01 2.960800e-01 2.667284e-01 2.357287e-01 2.076205e-01 1.874491e-01 1.665112e-01 1.448830e-01 1.226454e-01 9.988422e-02 7.668924e-02 5.315413e-02 2.937532e-02 
2.494750e-02 5.620098e-02 8.987744e-02 1.250031e-01 1.606658e-01 1.960352e-01 2.304291e-01 2.633256e-01 2.943463e-01 3.232292e-01 3.498014e-01 3.739557e-01 3.984195e-01 4.247616e-01 4.473560e-01 4.662408e-01 4.814704e-01 4.931067e-01 5.012138e-01 5.058541e-01 5.070863e-01 5.049641e-01 4.995355e-01 4.908424e-01 4.789204e-01 4.637988e-01 4.455008e-01 4.317483e-01 4.163306e-01 3.988891e-01 3.794658e-01 3.581069e-01 3.348641e-01 3.097963e-01 2.829717e-01 2.544701e-01 2.243860e-01 1.982315e-01 1.785839e-01 1.581866e-01 1.371134e-01 1.154427e-01 9.325695e-02 7.064266e-02 4.768951e-02 2.448970e-02 
2.280732e-02 5.296722e-02 8.511869e-02 1.185580e-01 1.525080e-01 1.862368e-01 2.191213e-01 2.506680e-01 2.805061e-01 3.083689e-01 3.340725e-01 3.574962e-01 3.785659e-01 4.021645e-01 4.241043e-01 4.424833e-01 4.573359e-01 4.687083e-01 4.766513e-01 4.812174e-01 4.824571e-01 4.804181e-01 4.751438e-01 4.666729e-01 4.550394e-01 4.402717e-01 4.276983e-01 4.147329e-01 3.997539e-01 3.828014e-01 3.639187e-01 3.431537e-01 3.205598e-01 2.961978e-01 2.701377e-01 2.424610e-01 2.132632e-01 1.889695e-01 1.698292e-01 1.499551e-01 1.294188e-01 1.082960e-01 8.666632e-02 6.461276e-02 4.222137e-02 1.958038e-02 
2.034959e-02 4.940523e-02 8.018213e-02 1.120936e-01 1.444753e-01 1.766822e-01 2.081484e-01 2.384111e-01 2.671117e-01 2.939832e-01 3.188352e-01 3.415366e-01 3.620022e-01 3.802842e-01 4.015599e-01 4.194204e-01 4.338822e-01 4.449763e-01 4.527414e-01 4.572201e-01 4.584552e-01 4.564883e-01 4.513585e-01 4.431015e-01 4.317491e-01 4.212602e-01 4.106765e-01 3.980896e-01 3.835378e-01 3.670619e-01 3.487063e-01 3.285202e-01 3.065585e-01 2.828832e-01 2.575660e-01 2.306891e-01 2.023487e-01 1.798311e-01 1.611823e-01 1.418149e-01 1.217980e-01 1.012051e-01 8.011275e-02 5.860091e-02 3.675210e-02 1.465076e-02 
1.751419e-02 4.555618e-02 7.508423e-02 1.056044e-01 1.365458e-01 1.673400e-01 1.974744e-01 2.265181e-01 2.541274e-01 2.800390e-01 3.040590e-01 3.260492e-01 3.459154e-01 3.635971e-01 3.796913e-01 3.970245e-01 4.110846e-01 4.218885e-01 4.294637e-01 4.338433e-01 4.350626e-01 4.331577e-01 4.281631e-01 4.201115e-01 4.125622e-01 4.042900e-01 3.940263e-01 3.818071e-01 3.676709e-01 3.516592e-01 3.338172e-01 3.141950e-01 2.928485e-01 2.698411e-01 2.452451e-01 2.191435e-01 1.916323e-01 1.708133e-01 1.526407e-01 1.337638e-01 1.142497e-01 9.416935e-02 7.359662e-02 5.260840e-02 3.128391e-02 9.704062e-03 
1.435317e-02 4.145682e-02 6.984198e-02 9.908864e-02 1.287034e-01 1.581846e-01 1.870689e-01 2.149567e-01 2.415213e-01 2.665058e-01 2.897158e-01 3.110082e-01 3.302821e-01 3.474694e-01 3.625271e-01 3.754314e-01 3.889188e-01 3.994230e-01 4.067981e-01 4.110682e-01 4.122618e-01 4.104093e-01 4.057548e-01 4.017324e-01 3.957005e-01 3.876907e-01 3.777368e-01 3.658745e-01 3.521425e-01 3.365826e-01 3.192406e-01 3.001672e-01 2.794193e-01 2.570609e-01 2.331648e-01 2.078142e-01 1.811047e-01 1.619131e-01 1.442019e-01 1.258001e-01 1.067728e-01 8.718842e-02 6.711832e-02 4.663646e-02 2.581893e-02 4.743271e-03 
1.091088e-02 3.713970e-02 6.447208e-02 9.254719e-02 1.209362e-01 1.491953e-01 1.769057e-01 2.036984e-01 2.292646e-01 2.533558e-01 2.757791e-01 2.963890e-01 3.150797e-01 3.317767e-01 3.464308e-01 3.590119e-01 3.695048e-01 3.779057e-01 3.847247e-01 3.888765e-01 3.906362e-01 3.907760e-01 3.889001e-01 3.850348e-01 3.792085e-01 3.714517e-01 3.617976e-01 3.502816e-01 3.369423e-01 3.218217e-01 3.049660e-01 2.864266e-01 2.662605e-01 2.445324e-01 2.213152e-01 1.966920e-01 1.707573e-01 1.531276e-01 1.358637e-01 1.179222e-01 9.936621e-02 8.026195e-02 6.067823e-02 4.068625e-02 2.035911e-02 -2.288029e-04 
7.225228e-03 3.263358e-02 5.899045e-02 8.598280e-02 1.132357e-01 1.403551e-01 1.669627e-01 1.927185e-01 2.173316e-01 2.405635e-01 2.622246e-01 2.821688e-01 3.002868e-01 3.164995e-01 3.307521e-01 3.430093e-01 3.532506e-01 3.614675e-01 3.676604e-01 3.718370e-01 3.740105e-01 3.741984e-01 3.724220e-01 3.687054e-01 3.630758e-01 3.555627e-01 3.461984e-01 3.350181e-01 3.220601e-01 3.073666e-01 2.909838e-01 2.729633e-01 2.533626e-01 2.322464e-01 2.096874e-01 1.857683e-01 1.605826e-01 1.444543e-01 1.276238e-01 1.101283e-01 9.202892e-02 7.338958e-02 5.427671e-02 3.475887e-02 1.490633e-02 -5.209529e-03 
3.328735e-03 2.796375e-02 5.341198e-02 7.939928e-02 1.055957e-01 1.316504e-01 1.572212e-01 1.819950e-01 2.056992e-01 2.281058e-01 2.490299e-01 2.683261e-01 2.858833e-01 3.016188e-01 3.154736e-01 3.274075e-01 3.373958e-01 3.454254e-01 3.514930e-01 3.556027e-01 3.577646e-01 3.579938e-01 3.563093e-01 3.527335e-01 3.472920e-01 3.400135e-01 3.309294e-01 3.200744e-01 3.074865e-01 2.932077e-01 2.772845e-01 2.597682e-01 2.407166e-01 2.201940e-01 1.982731e-01 1.750355e-01 1.515911e-01 1.358905e-01 1.194803e-01 1.024170e-01 8.476001e-02 6.657099e-02 4.791409e-02 2.885535e-02 9.462311e-03 -1.019645e-02 
-7.506213e-04 2.315246e-02 4.775043e-02 7.280101e-02 9.801211e-02 1.230701e-01 1.476651e-01 1.715089e-01 1.943468e-01 2.159615e-01 2.361740e-01 2.548409e-01 2.718502e-01 2.871169e-01 3.005784e-01 3.121909e-01 3.219255e-01 3.297656e-01 3.357042e-01 3.397423e-01 3.418871e-01 3.421511e-01 3.405514e-01 3.371088e-01 3.318473e-01 3.247945e-01 3.159810e-01 3.054410e-01 2.932122e-01 2.793361e-01 2.638591e-01 2.468325e-01 2.283138e-01 2.083670e-01 1.870643e-01 1.644862e-01 1.427402e-01 1.274339e-01 1.114312e-01 9.478693e-02 7.755859e-02 5.980589e-02 4.159070e-02 2.297663e-02 4.028693e-03 -1.518725e-02 
-4.988673e-03 1.821927e-02 4.201835e-02 6.619269e-02 9.048210e-02 1.146052e-01 1.382807e-01 1.612435e-01 1.832558e-01 2.041114e-01 2.236379e-01 2.416946e-01 2.581696e-01 2.729766e-01 2.860506e-01 2.973443e-01 3.068258e-01 3.144749e-01 3.202816e-01 3.242439e-01 3.263665e-01 3.266595e-01 3.251381e-01 3.218212e-01 3.167318e-01 3.098961e-01 3.013440e-01 2.911090e-01 2.792281e-01 2.657428e-01 2.506990e-01 2.341478e-01 2.161461e-01 1.967577e-01 1.760538e-01 1.541138e-01 1.340062e-01 1.190822e-01 1.034746e-01 8.723660e-02 7.042381e-02 5.309398e-02 3.530681e-02 1.712364e-02 -1.393002e-03 -2.017979e-02 
-9.364472e-03 1.318135e-02 3.622714e-02 5.957904e-02 8.300391e-02 1.062483e-01 1.290563e-01 1.511841e-01 1.724096e-01 1.925381e-01 2.114038e-01 2.288696e-01 2.448247e-01 2.591821e-01 2.718748e-01 2.828534e-01 2.920829e-01 2.995404e-01 3.052130e-01 3.090961e-01 3.111919e-01 3.115085e-01 3.100591e-01 3.068611e-01 3.019360e-01 2.953092e-01 2.870094e-01 2.770694e-01 2.655259e-01 2.524196e-01 2.377961e-01 2.217061e-01 2.042060e-01 1.853588e-01 1.652347e-01 1.439119e-01 1.253863e-01 1.108332e-01 9.560880e-02 7.976475e-02 6.335485e-02 4.643496e-02 2.906271e-02 1.129720e-02 -6.801347e-03 -2.517204e-02 
-1.385979e-02 8.053839e-03 3.038711e-02 5.296468e-02 7.557650e-02 9.799335e-02 1.199820e-01 1.413177e-01 1.617936e-01 1.812257e-01 1.994555e-01 2.163498e-01 2.317997e-01 2.457180e-01 2.580367e-01 2.687044e-01 2.776839e-01 2.849497e-01 2.904866e-01 2.942875e-01 2.963525e-01 2.966878e-01 2.953046e-01 2.922189e-01 2.874509e-01 2.810247e-01 2.729684e-01 2.633139e-01 2.520971e-01 2.393583e-01 2.251425e-01 2.094998e-01 1.924860e-01 1.741633e-01 1.546007e-01 1.338749e-01 1.168780e-01 1.026847e-01 8.783208e-02 7.237011e-02 5.635094e-02 3.982856e-02 2.285861e-02 5.498092e-03 -1.219501e-02 -3.016211e-02 
